[
    {
        "ID": 16,
        "Name": "OBP_DISTANT_CANOPY",
        "Type": 58,
        "Scale": 0.5,
        "Transform": [
            [
                -0.056634657084941864,
                0.4967750310897827,
                0.0,
                0.0
            ],
            [
                -0.4967750310897827,
                -0.056634657084941864,
                0.0,
                0.0
            ],
            [
                0.0,
                0.0,
                0.4999999701976776,
                0.0
            ],
            [
                -5824.27978515625,
                1279.25,
                -11.711000442504883,
                1.0
            ]
        ]
    },
    {
        "ID": 15,
        "Name": "OBP_DISTANT_CANOPY",
        "Type": 58,
        "Scale": 0.5,
        "Transform": [
            [
                0.11999981850385666,
                -0.4853791892528534,
                0.0,
                0.0
            ],
            [
                0.4853791892528534,
                0.11999981850385666,
                0.0,
                0.0
            ],
            [
                0.0,
                0.0,
                0.4999999701976776,
                0.0
            ],
            [
                -6078.47021484375,
                697.6920166015625,
                -11.711000442504883,
                1.0
            ]
        ]
    },
    {
        "ID": 2,
        "Name": "OBP_TREELG",
        "Type": 58,
        "Scale": 1.0,
        "Transform": [
            [
                0.02760772593319416,
                -0.9996046423912048,
                0.0,
                0.0
            ],
            [
                0.9996046423912048,
                0.02760772593319416,
                0.0,
                0.0
            ],
            [
                0.0,
                0.0,
                0.9999999403953552,
                0.0
            ],
            [
                -5911.9599609375,
                3345.06005859375,
                -11.711000442504883,
                1.0
            ]
        ]
    },
    {
        "ID": 3,
        "Name": "OBP_TREELG",
        "Type": 58,
        "Scale": 1.0,
        "Transform": [
            [
                -0.003067884361371398,
                -0.9999811053276062,
                0.0,
                0.0
            ],
            [
                0.9999811053276062,
                -0.003067884361371398,
                0.0,
                0.0
            ],
            [
                0.0,
                0.0,
                0.9999999403953552,
                0.0
            ],
            [
                -5909.6201171875,
                2810.22998046875,
                -11.711000442504883,
                1.0
            ]
        ]
    },
    {
        "ID": 4,
        "Name": "OBP_TREELG",
        "Type": 58,
        "Scale": 1.0,
        "Transform": [
            [
                0.21610374748706818,
                -0.9763558506965637,
                0.0,
                0.0
            ],
            [
                0.9763558506965637,
                0.21610374748706818,
                0.0,
                0.0
            ],
            [
                0.0,
                0.0,
                0.9999999403953552,
                0.0
            ],
            [
                -5694.3701171875,
                1710.18994140625,
                -11.711000442504883,
                1.0
            ]
        ]
    },
    {
        "ID": 5,
        "Name": "OBP_TREELG",
        "Type": 58,
        "Scale": 1.0,
        "Transform": [
            [
                -0.9887076616287231,
                0.149762362241745,
                0.0,
                0.0
            ],
            [
                -0.149762362241745,
                -0.9887076616287231,
                0.0,
                0.0
            ],
            [
                0.0,
                0.0,
                0.9999999403953552,
                0.0
            ],
            [
                -6298.60986328125,
                2198.360107421875,
                -11.711000442504883,
                1.0
            ]
        ]
    },
    {
        "ID": 6,
        "Name": "OBP_TREELG",
        "Type": 58,
        "Scale": 1.0,
        "Transform": [
            [
                0.9523614645004272,
                -0.3049248456954956,
                0.0,
                0.0
            ],
            [
                0.3049248456954956,
                0.9523614645004272,
                0.0,
                0.0
            ],
            [
                0.0,
                0.0,
                0.9999999403953552,
                0.0
            ],
            [
                -6295.56005859375,
                1918.739990234375,
                -11.711000442504883,
                1.0
            ]
        ]
    },
    {
        "ID": 7,
        "Name": "OBP_TREELG",
        "Type": 58,
        "Scale": 1.0,
        "Transform": [
            [
                -0.9965569972991943,
                0.08273911476135254,
                0.0,
                0.0
            ],
            [
                -0.08273911476135254,
                -0.9965569972991943,
                0.0,
                0.0
            ],
            [
                0.0,
                0.0,
                0.9999999403953552,
                0.0
            ],
            [
                -6499.8798828125,
                2077.159912109375,
                -11.711000442504883,
                1.0
            ]
        ]
    },
    {
        "ID": 8,
        "Name": "OBP_TREELG",
        "Type": 58,
        "Scale": 1.0,
        "Transform": [
            [
                0.23999963700771332,
                -0.9707583785057068,
                0.0,
                0.0
            ],
            [
                0.9707583785057068,
                0.23999963700771332,
                0.0,
                0.0
            ],
            [
                0.0,
                0.0,
                0.9999999403953552,
                0.0
            ],
            [
                -6468.509765625,
                1296.1700439453125,
                -11.711000442504883,
                1.0
            ]
        ]
    },
    {
        "ID": 9,
        "Name": "OBP_TREELG",
        "Type": 58,
        "Scale": 1.0,
        "Transform": [
            [
                -0.5323955416679382,
                -0.8464788794517517,
                0.0,
                0.0
            ],
            [
                0.8464788794517517,
                -0.5323955416679382,
                0.0,
                0.0
            ],
            [
                0.0,
                0.0,
                0.9999999403953552,
                0.0
            ],
            [
                -6394.91015625,
                1410.199951171875,
                -11.711000442504883,
                1.0
            ]
        ]
    },
    {
        "ID": 10,
        "Name": "OBP_TREELG",
        "Type": 58,
        "Scale": 1.0,
        "Transform": [
            [
                -0.03680722042918205,
                0.9993222951889038,
                0.0,
                0.0
            ],
            [
                -0.9993222951889038,
                -0.03680722042918205,
                0.0,
                0.0
            ],
            [
                0.0,
                0.0,
                0.9999999403953552,
                0.0
            ],
            [
                -5860.1201171875,
                987.3150024414063,
                -11.711000442504883,
                1.0
            ]
        ]
    },
    {
        "ID": 11,
        "Name": "OBP_TREELG",
        "Type": 58,
        "Scale": 1.0,
        "Transform": [
            [
                0.32531026005744934,
                -0.9456072449684143,
                0.0,
                0.0
            ],
            [
                0.9456072449684143,
                0.32531026005744934,
                0.0,
                0.0
            ],
            [
                0.0,
                0.0,
                0.9999999403953552,
                0.0
            ],
            [
                -6359.97021484375,
                944.89599609375,
                -11.711000442504883,
                1.0
            ]
        ]
    },
    {
        "ID": 12,
        "Name": "OBP_TREELG",
        "Type": 58,
        "Scale": 1.0,
        "Transform": [
            [
                0.19509030878543854,
                -0.9807851910591125,
                0.0,
                0.0
            ],
            [
                0.9807851910591125,
                0.19509030878543854,
                0.0,
                0.0
            ],
            [
                0.0,
                0.0,
                0.9999999403953552,
                0.0
            ],
            [
                -6302.169921875,
                438.72601318359375,
                -11.711000442504883,
                1.0
            ]
        ]
    },
    {
        "ID": 13,
        "Name": "OBP_TREELG",
        "Type": 58,
        "Scale": 1.0,
        "Transform": [
            [
                0.37700027227401733,
                0.9261927008628845,
                0.0,
                0.0
            ],
            [
                -0.9261927008628845,
                0.37700027227401733,
                0.0,
                0.0
            ],
            [
                0.0,
                0.0,
                0.9999999403953552,
                0.0
            ],
            [
                -5752.5498046875,
                282.82598876953125,
                -11.711000442504883,
                1.0
            ]
        ]
    },
    {
        "ID": 14,
        "Name": "OBP_TREELG",
        "Type": 58,
        "Scale": 1.0,
        "Transform": [
            [
                -0.0643816813826561,
                -0.9979110956192017,
                0.0,
                0.0
            ],
            [
                0.9979110956192017,
                -0.0643816813826561,
                0.0,
                0.0
            ],
            [
                0.0,
                0.0,
                0.9999999403953552,
                0.0
            ],
            [
                -6090.47021484375,
                1170.22998046875,
                -11.711000442504883,
                1.0
            ]
        ]
    }
]