[
    {
        "ID": 16,
        "Name": "OBJ_DEADWALL_SWITCH00_",
        "Type": 58,
        "Scale": 1.0,
        "Transform": [
            [
                0.7409510612487793,
                -0.6715589165687561,
                0.0,
                0.0
            ],
            [
                0.6715589165687561,
                0.7409510612487793,
                0.0,
                0.0
            ],
            [
                0.0,
                0.0,
                0.9999999403953552,
                0.0
            ],
            [
                672.968017578125,
                549.0700073242188,
                46.045501708984375,
                1.0
            ]
        ]
    },
    {
        "ID": 15,
        "Name": "OBJ_DEADWALL_SWITCH00_",
        "Type": 58,
        "Scale": 1.0,
        "Transform": [
            [
                0.9999999403953552,
                0.0,
                0.0,
                0.0
            ],
            [
                0.0,
                0.9999999403953552,
                0.0,
                0.0
            ],
            [
                0.0,
                0.0,
                0.9999999403953552,
                0.0
            ],
            [
                1994.68994140625,
                -6.832339763641357,
                39.50199890136719,
                1.0
            ]
        ]
    },
    {
        "ID": 1,
        "Name": "OBJ_DEADWALL_SWITCH00_",
        "Type": 58,
        "Scale": 1.0,
        "Transform": [
            [
                0.5555701851844788,
                -0.8314695358276367,
                0.0,
                0.0
            ],
            [
                0.8314695358276367,
                0.5555701851844788,
                0.0,
                0.0
            ],
            [
                0.0,
                0.0,
                0.9999999403953552,
                0.0
            ],
            [
                142.50100708007813,
                1375.5899658203125,
                45.75199890136719,
                1.0
            ]
        ]
    },
    {
        "ID": 2,
        "Name": "OBJ_DEADWALL_SWITCH00_",
        "Type": 58,
        "Scale": 1.0,
        "Transform": [
            [
                0.0,
                -0.9999999403953552,
                0.0,
                0.0
            ],
            [
                0.9999999403953552,
                0.0,
                0.0,
                0.0
            ],
            [
                0.0,
                0.0,
                0.9999999403953552,
                0.0
            ],
            [
                29.59309959411621,
                1893.260009765625,
                48.00199890136719,
                1.0
            ]
        ]
    },
    {
        "ID": 3,
        "Name": "OBJ_DEADWALL_SWITCH00_",
        "Type": 58,
        "Scale": 1.0,
        "Transform": [
            [
                -0.4052412807941437,
                -0.9142097234725952,
                0.0,
                0.0
            ],
            [
                0.9142097234725952,
                -0.4052412807941437,
                0.0,
                0.0
            ],
            [
                0.0,
                0.0,
                0.9999999403953552,
                0.0
            ],
            [
                160.5919952392578,
                2860.75,
                46.75199890136719,
                1.0
            ]
        ]
    },
    {
        "ID": 4,
        "Name": "OBJ_DEADWALL_SWITCH00_",
        "Type": 58,
        "Scale": 1.0,
        "Transform": [
            [
                -0.9142097234725952,
                -0.4052412807941437,
                0.0,
                0.0
            ],
            [
                0.4052412807941437,
                -0.9142097234725952,
                0.0,
                0.0
            ],
            [
                0.0,
                0.0,
                0.9999999403953552,
                0.0
            ],
            [
                1081.4000244140625,
                3907.22998046875,
                47.25199890136719,
                1.0
            ]
        ]
    },
    {
        "ID": 5,
        "Name": "OBJ_DEADWALL_SWITCH00_",
        "Type": 58,
        "Scale": 1.0,
        "Transform": [
            [
                -0.9999999403953552,
                0.0,
                0.0,
                0.0
            ],
            [
                0.0,
                -0.9999999403953552,
                0.0,
                0.0
            ],
            [
                0.0,
                0.0,
                0.9999999403953552,
                0.0
            ],
            [
                2023.6199951171875,
                4159.89013671875,
                43.75199890136719,
                1.0
            ]
        ]
    },
    {
        "ID": 6,
        "Name": "OBJ_DEADWALL_SWITCH00_",
        "Type": 58,
        "Scale": 1.0,
        "Transform": [
            [
                -0.9852775931358337,
                0.1709618717432022,
                0.0,
                0.0
            ],
            [
                -0.1709618717432022,
                -0.9852775931358337,
                0.0,
                0.0
            ],
            [
                0.0,
                0.0,
                0.9999999403953552,
                0.0
            ],
            [
                2542.909912109375,
                4119.52978515625,
                44.25199890136719,
                1.0
            ]
        ]
    },
    {
        "ID": 7,
        "Name": "OBJ_DEADWALL_SWITCH00_",
        "Type": 58,
        "Scale": 1.0,
        "Transform": [
            [
                -0.8639727830886841,
                0.5035383105278015,
                0.0,
                0.0
            ],
            [
                -0.5035383105278015,
                -0.8639727830886841,
                0.0,
                0.0
            ],
            [
                0.0,
                0.0,
                0.9999999403953552,
                0.0
            ],
            [
                3027.929931640625,
                3945.2900390625,
                45.25199890136719,
                1.0
            ]
        ]
    },
    {
        "ID": 8,
        "Name": "OBJ_DEADWALL_SWITCH00_",
        "Type": 58,
        "Scale": 1.0,
        "Transform": [
            [
                -0.5349975824356079,
                0.8448535203933716,
                0.0,
                0.0
            ],
            [
                -0.8448535203933716,
                -0.5349975824356079,
                0.0,
                0.0
            ],
            [
                0.0,
                0.0,
                0.9999999403953552,
                0.0
            ],
            [
                3754.8798828125,
                3359.159912109375,
                45.50199890136719,
                1.0
            ]
        ]
    },
    {
        "ID": 10,
        "Name": "OBJ_DEADWALL_SWITCH00_",
        "Type": 58,
        "Scale": 1.0,
        "Transform": [
            [
                -0.11022219806909561,
                0.9939069151878357,
                0.0,
                0.0
            ],
            [
                -0.9939069151878357,
                -0.11022219806909561,
                0.0,
                0.0
            ],
            [
                0.0,
                0.0,
                0.9999999403953552,
                0.0
            ],
            [
                4139.0,
                2641.2900390625,
                49.00199890136719,
                1.0
            ]
        ]
    },
    {
        "ID": 11,
        "Name": "OBJ_DEADWALL_SWITCH00_",
        "Type": 58,
        "Scale": 1.0,
        "Transform": [
            [
                0.0,
                0.9999999403953552,
                0.0,
                0.0
            ],
            [
                -0.9999999403953552,
                0.0,
                0.0,
                0.0
            ],
            [
                0.0,
                0.0,
                0.9999999403953552,
                0.0
            ],
            [
                4147.830078125,
                2230.47998046875,
                47.25199890136719,
                1.0
            ]
        ]
    },
    {
        "ID": 12,
        "Name": "OBJ_DEADWALL_SWITCH00_",
        "Type": 58,
        "Scale": 1.0,
        "Transform": [
            [
                0.5035383105278015,
                0.8639727830886841,
                0.0,
                0.0
            ],
            [
                -0.8639727830886841,
                0.5035383105278015,
                0.0,
                0.0
            ],
            [
                0.0,
                0.0,
                0.9999999403953552,
                0.0
            ],
            [
                4008.6201171875,
                1241.0899658203125,
                42.75199890136719,
                1.0
            ]
        ]
    },
    {
        "ID": 13,
        "Name": "OBJ_DEADWALL_SWITCH00_",
        "Type": 58,
        "Scale": 1.0,
        "Transform": [
            [
                0.8314695358276367,
                0.5555701851844788,
                0.0,
                0.0
            ],
            [
                -0.5555701851844788,
                0.8314695358276367,
                0.0,
                0.0
            ],
            [
                0.0,
                0.0,
                0.9999999403953552,
                0.0
            ],
            [
                3426.300048828125,
                452.09100341796875,
                43.50199890136719,
                1.0
            ]
        ]
    },
    {
        "ID": 14,
        "Name": "OBJ_DEADWALL_SWITCH00_",
        "Type": 58,
        "Scale": 1.0,
        "Transform": [
            [
                0.9329927563667297,
                0.3598950207233429,
                0.0,
                0.0
            ],
            [
                -0.3598950207233429,
                0.9329927563667297,
                0.0,
                0.0
            ],
            [
                0.0,
                0.0,
                0.9999999403953552,
                0.0
            ],
            [
                2956.68994140625,
                161.42999267578125,
                44.25199890136719,
                1.0
            ]
        ]
    }
]