[
    {
        "ID": 108,
        "Name": "PERBRICK",
        "Type": 55,
        "Scale": 1.0,
        "Transform": [
            [
                -0.8986744284629822,
                0.43861621618270874,
                0.0,
                0.0
            ],
            [
                -0.43861621618270874,
                -0.8986744284629822,
                0.0,
                0.0
            ],
            [
                0.0,
                0.0,
                0.9999999403953552,
                0.0
            ],
            [
                1898.3199462890625,
                -5080.60986328125,
                -62.82379913330078,
                1.0
            ]
        ]
    },
    {
        "ID": 106,
        "Name": "PERBRICK",
        "Type": 55,
        "Scale": 1.0,
        "Transform": [
            [
                -0.03680722042918205,
                -0.9993222951889038,
                0.0,
                0.0
            ],
            [
                0.9993222951889038,
                -0.03680722042918205,
                0.0,
                0.0
            ],
            [
                0.0,
                0.0,
                0.9999999403953552,
                0.0
            ],
            [
                1905.2900390625,
                -5094.68994140625,
                -62.82379913330078,
                1.0
            ]
        ]
    },
    {
        "ID": 105,
        "Name": "PERBRICK",
        "Type": 55,
        "Scale": 1.0,
        "Transform": [
            [
                -0.5857977867126465,
                -0.8104571104049683,
                0.0,
                0.0
            ],
            [
                0.8104571104049683,
                -0.5857977867126465,
                0.0,
                0.0
            ],
            [
                0.0,
                0.0,
                0.9999999403953552,
                0.0
            ],
            [
                1905.93994140625,
                -5094.5400390625,
                -61.25,
                1.0
            ]
        ]
    },
    {
        "ID": 2,
        "Name": "WBTENT700",
        "Type": 55,
        "Scale": 1.0,
        "Transform": [
            [
                0.0,
                -0.9999999403953552,
                0.0,
                0.0
            ],
            [
                0.9999999403953552,
                0.0,
                0.0,
                0.0
            ],
            [
                0.0,
                0.0,
                0.9999999403953552,
                0.0
            ],
            [
                1845.0,
                -4993.0,
                -68.9000015258789,
                1.0
            ]
        ]
    },
    {
        "ID": 3,
        "Name": "MIRPORTAL700",
        "Type": 58,
        "Scale": 1.0,
        "Transform": [
            [
                -0.9757020473480225,
                -0.219101220369339,
                0.0,
                0.0
            ],
            [
                0.219101220369339,
                -0.9757020473480225,
                0.0,
                0.0
            ],
            [
                0.0,
                0.0,
                0.9999999403953552,
                0.0
            ],
            [
                -827.5380249023438,
                -5457.7001953125,
                187.3800048828125,
                1.0
            ]
        ]
    },
    {
        "ID": 4,
        "Name": "EFWALL1",
        "Type": 54,
        "Scale": 1.0,
        "Transform": [
            [
                0.5857978463172913,
                -0.810457170009613,
                0.0,
                0.0
            ],
            [
                0.810457170009613,
                0.5857978463172913,
                0.0,
                0.0
            ],
            [
                0.0,
                0.0,
                1.0,
                0.0
            ],
            [
                2765.72998046875,
                -4738.39013671875,
                -126.46900177001953,
                1.0
            ]
        ]
    },
    {
        "ID": 5,
        "Name": "EFWALL1",
        "Type": 57,
        "Scale": 1.0,
        "Transform": [
            [
                0.5857977867126465,
                -0.8104571104049683,
                0.0,
                0.0
            ],
            [
                0.8104571104049683,
                0.5857977867126465,
                0.0,
                0.0
            ],
            [
                0.0,
                0.0,
                0.9999999403953552,
                0.0
            ],
            [
                2767.77001953125,
                -4726.4501953125,
                -139.9669952392578,
                1.0
            ]
        ]
    },
    {
        "ID": 6,
        "Name": "WBTENT700",
        "Type": 55,
        "Scale": 1.0,
        "Transform": [
            [
                0.0,
                0.9999999403953552,
                0.0,
                0.0
            ],
            [
                -0.9999999403953552,
                0.0,
                0.0,
                0.0
            ],
            [
                0.0,
                0.0,
                0.9999999403953552,
                0.0
            ],
            [
                1816.0,
                -5091.0,
                -68.75,
                1.0
            ]
        ]
    },
    {
        "ID": 7,
        "Name": "WAYBROBNR700",
        "Type": 55,
        "Scale": 1.0,
        "Transform": [
            [
                -0.5758081078529358,
                0.817584753036499,
                0.0,
                0.0
            ],
            [
                -0.817584753036499,
                -0.5758081078529358,
                0.0,
                0.0
            ],
            [
                0.0,
                0.0,
                0.9999999403953552,
                0.0
            ],
            [
                1793.0,
                -5053.0,
                -64.5,
                1.0
            ]
        ]
    },
    {
        "ID": 8,
        "Name": "MIRPORTAL701",
        "Type": 58,
        "Scale": 1.0,
        "Transform": [
            [
                0.5758081078529358,
                -0.817584753036499,
                0.0,
                0.0
            ],
            [
                0.817584753036499,
                0.5758081078529358,
                0.0,
                0.0
            ],
            [
                0.0,
                0.0,
                0.9999999403953552,
                0.0
            ],
            [
                2770.909912109375,
                -4725.259765625,
                -105.89900207519531,
                1.0
            ]
        ]
    },
    {
        "ID": 81,
        "Name": "CAMPFIRE2",
        "Type": 55,
        "Scale": 1.0,
        "Transform": [
            [
                -0.6983761787414551,
                -0.7157307863235474,
                0.0,
                0.0
            ],
            [
                0.7157307863235474,
                -0.6983761787414551,
                0.0,
                0.0
            ],
            [
                0.0,
                0.0,
                0.9999999403953552,
                0.0
            ],
            [
                1811.8599853515625,
                -5032.14990234375,
                -64.0291976928711,
                1.0
            ]
        ]
    },
    {
        "ID": 82,
        "Name": "CAMPFIRE",
        "Type": 55,
        "Scale": 1.0,
        "Transform": [
            [
                0.6248594522476196,
                -0.7807371616363525,
                0.0,
                0.0
            ],
            [
                0.7807371616363525,
                0.6248594522476196,
                0.0,
                0.0
            ],
            [
                0.0,
                0.0,
                0.9999999403953552,
                0.0
            ],
            [
                1853.4599609375,
                -5042.06005859375,
                -64.0291976928711,
                1.0
            ]
        ]
    },
    {
        "ID": 87,
        "Name": "PERBRICK",
        "Type": 55,
        "Scale": 1.0,
        "Transform": [
            [
                0.2785196602344513,
                -0.9604304432868958,
                0.0,
                0.0
            ],
            [
                0.9604304432868958,
                0.2785196602344513,
                0.0,
                0.0
            ],
            [
                0.0,
                0.0,
                0.9999999403953552,
                0.0
            ],
            [
                1953.6199951171875,
                -5110.2900390625,
                -62.82379913330078,
                1.0
            ]
        ]
    },
    {
        "ID": 93,
        "Name": "PERBRICK",
        "Type": 55,
        "Scale": 1.0,
        "Transform": [
            [
                -0.9783173203468323,
                -0.20711135864257813,
                0.0,
                0.0
            ],
            [
                0.20711135864257813,
                -0.9783173203468323,
                0.0,
                0.0
            ],
            [
                0.0,
                0.0,
                0.9999999403953552,
                0.0
            ],
            [
                1904.1099853515625,
                -5096.97998046875,
                -62.82379913330078,
                1.0
            ]
        ]
    },
    {
        "ID": 103,
        "Name": "PERBRICK",
        "Type": 55,
        "Scale": 1.0,
        "Transform": [
            [
                -0.4052412807941437,
                0.9142097234725952,
                0.0,
                0.0
            ],
            [
                -0.9142097234725952,
                -0.4052412807941437,
                0.0,
                0.0
            ],
            [
                0.0,
                0.0,
                0.9999999403953552,
                0.0
            ],
            [
                1927.3800048828125,
                -5030.0498046875,
                -62.82379913330078,
                1.0
            ]
        ]
    },
    {
        "ID": 104,
        "Name": "PERBRICK",
        "Type": 55,
        "Scale": 1.0,
        "Transform": [
            [
                -0.4052412807941437,
                0.9142097234725952,
                0.0,
                0.0
            ],
            [
                -0.9142097234725952,
                -0.4052412807941437,
                0.0,
                0.0
            ],
            [
                0.0,
                0.0,
                0.9999999403953552,
                0.0
            ],
            [
                1935.31005859375,
                -5034.0400390625,
                -62.82379913330078,
                1.0
            ]
        ]
    }
]