[Diggz]
Attack_mult=1.000000
Attack_off=0.000000
HeroicSTR_mult=1.000000
HeroicSTR_off=0.000000
HeroicSTA_mult=1.000000
HeroicSTA_off=0.000000
HeroicAGI_mult=1.000000
HeroicAGI_off=0.000000
HeroicDEX_mult=1.000000
HeroicDEX_off=0.000000
HeroicWIS_mult=1.000000
HeroicWIS_off=0.000000
HeroicINT_mult=1.000000
HeroicINT_off=0.000000
HeroicCHA_mult=1.000000
HeroicCHA_off=0.000000
SvMagic_mult=1.000000
SvMagic_off=0.000000
SvFire_mult=1.000000
SvFire_off=0.000000
SvCold_mult=1.000000
SvCold_off=0.000000
SvPoison_mult=1.000000
SvPoison_off=0.000000
SvDisease_mult=1.000000
SvDisease_off=0.000000
SvCorruption_mult=1.000000
SvCorruption_off=0.000000
Accuracy_mult=1.000000
Accuracy_off=0.000000
CombatEffects_mult=1.000000
CombatEffects_off=0.000000
Shielding_mult=1.000000
Shielding_off=0.000000
SpellShield_mult=1.000000
SpellShield_off=0.000000
Avoidance_mult=1.000000
Avoidance_off=0.000000
Strikethrough_mult=1.000000
Strikethrough_off=0.000000
StunResist_mult=1.000000
StunResist_off=0.000000
hp_use_true_max=true
hp_true_max=8044298
DSMitigation_off=0.000000
DSMitigation_mult=1.000000
CurrentHPs_mult=1.000000
DoTShielding_off=0.000000
CurrentHPs_off=0.000000
DoTShielding_mult=1.000000
MaxHPs_mult=1.000000
MaxHPs_off=0.000000
Haste_mult=1.000000
Haste_off=0.000000
AC_mult=1.000000
AC_off=0.000000

